p 16 58
c Optimal MIS = ('0000000100001101', 4)

0 4
4 0

0 5
5 0

0 6
6 0

0 7
7 0

0 9
9 0

0 10
10 0

0 13
13 0

1 3
3 1

1 4
4 1

1 6
6 1

1 7
7 1

1 8
8 1

1 10
10 1

1 11
11 1

1 13
13 1

2 4
4 2

2 6
6 2

2 7
7 2

2 10
10 2

2 11
11 2

2 12
12 2

2 13
13 2

2 14
14 2

2 15
15 2

3 4
4 3

3 5
5 3

3 6
6 3

3 10
10 3

3 11
11 3

3 12
12 3

3 14
14 3

4 6
6 4

4 12
12 4

4 15
15 4

5 6
6 5

5 8
8 5

5 11
11 5

5 13
13 5

6 10
10 6

6 14
14 6

6 15
15 6

7 8
8 7

7 9
9 7

7 10
10 7

7 15
15 7

9 10
10 9

9 12
12 9

9 13
13 9

9 15
15 9

10 13
13 10

10 14
14 10

11 12
12 11

11 13
13 11

11 14
14 11

12 14
14 12

12 15
15 12

13 15
15 13

14 15
15 14

