p 16 61
c Optimal MIS = ('0000010001001010', 4)

0 1
1 0

0 5
5 0

0 7
7 0

0 8
8 0

0 10
10 0

0 13
13 0

0 14
14 0

1 5
5 1

1 9
9 1

1 12
12 1

1 14
14 1

1 15
15 1

2 3
3 2

2 6
6 2

2 7
7 2

2 8
8 2

2 10
10 2

2 11
11 2

2 12
12 2

3 4
4 3

3 7
7 3

3 9
9 3

3 11
11 3

3 12
12 3

3 13
13 3

3 15
15 3

4 6
6 4

4 7
7 4

4 9
9 4

4 10
10 4

4 12
12 4

4 14
14 4

4 15
15 4

5 8
8 5

5 9
9 5

5 11
11 5

5 12
12 5

5 13
13 5

5 14
14 5

5 15
15 5

6 8
8 6

6 15
15 6

7 8
8 7

7 9
9 7

7 10
10 7

7 11
11 7

7 12
12 7

8 9
9 8

8 12
12 8

8 13
13 8

8 14
14 8

9 11
11 9

9 13
13 9

9 14
14 9

10 12
12 10

10 13
13 10

10 15
15 10

11 12
12 11

11 14
14 11

12 14
14 12

12 15
15 12

