p 16 61
c Optimal MIS = ('0100000001110010', 5)

0 1
1 0

0 2
2 0

0 5
5 0

0 8
8 0

0 10
10 0

0 12
12 0

0 14
14 0

0 15
15 0

1 2
2 1

1 7
7 1

1 8
8 1

1 9
9 1

1 10
10 1

1 11
11 1

1 12
12 1

2 3
3 2

2 5
5 2

2 6
6 2

2 7
7 2

2 8
8 2

2 9
9 2

2 11
11 2

2 12
12 2

2 13
13 2

2 14
14 2

2 15
15 2

3 4
4 3

3 11
11 3

3 12
12 3

3 14
14 3

4 7
7 4

4 8
8 4

4 10
10 4

4 13
13 4

4 15
15 4

5 7
7 5

5 8
8 5

5 11
11 5

5 12
12 5

5 13
13 5

6 7
7 6

6 8
8 6

6 9
9 6

6 15
15 6

7 8
8 7

7 13
13 7

7 14
14 7

7 15
15 7

8 10
10 8

8 12
12 8

8 13
13 8

8 15
15 8

9 12
12 9

9 14
14 9

9 15
15 9

10 11
11 10

10 13
13 10

10 15
15 10

11 13
13 11

12 15
15 12

13 15
15 13

