p 16 64
c Optimal MIS = ('0000000010100011', 4)

0 2
2 0

0 4
4 0

0 6
6 0

0 9
9 0

0 11
11 0

0 12
12 0

0 13
13 0

0 14
14 0

1 2
2 1

1 3
3 1

1 4
4 1

1 9
9 1

1 10
10 1

1 11
11 1

1 13
13 1

1 14
14 1

2 4
4 2

2 6
6 2

2 7
7 2

2 8
8 2

2 10
10 2

2 12
12 2

2 14
14 2

3 5
5 3

3 6
6 3

3 8
8 3

3 10
10 3

3 11
11 3

3 12
12 3

4 5
5 4

4 6
6 4

4 7
7 4

4 8
8 4

4 9
9 4

4 14
14 4

4 15
15 4

5 8
8 5

5 9
9 5

5 14
14 5

6 7
7 6

6 9
9 6

6 10
10 6

6 12
12 6

6 13
13 6

7 8
8 7

7 9
9 7

7 10
10 7

7 12
12 7

7 13
13 7

7 15
15 7

8 9
9 8

8 10
10 8

8 12
12 8

9 11
11 9

9 12
12 9

10 12
12 10

10 13
13 10

11 13
13 11

11 14
14 11

12 13
13 12

12 14
14 12

12 15
15 12

13 14
14 13

13 15
15 13

