p 16 60
c Optimal MIS = ('0000100001001100', 4)

0 1
1 0

0 2
2 0

0 3
3 0

0 4
4 0

0 5
5 0

0 7
7 0

0 12
12 0

0 13
13 0

0 15
15 0

1 2
2 1

1 3
3 1

1 4
4 1

1 7
7 1

1 9
9 1

1 10
10 1

1 13
13 1

1 14
14 1

1 15
15 1

2 4
4 2

2 8
8 2

2 9
9 2

2 10
10 2

3 5
5 3

3 9
9 3

3 10
10 3

3 12
12 3

3 14
14 3

3 15
15 3

4 8
8 4

4 9
9 4

4 10
10 4

4 11
11 4

4 12
12 4

4 13
13 4

5 7
7 5

5 8
8 5

5 10
10 5

5 11
11 5

5 12
12 5

6 7
7 6

6 8
8 6

6 9
9 6

6 12
12 6

6 13
13 6

6 15
15 6

7 8
8 7

7 11
11 7

7 13
13 7

7 15
15 7

8 9
9 8

8 14
14 8

9 15
15 9

10 12
12 10

10 13
13 10

11 12
12 11

11 14
14 11

11 15
15 11

12 13
13 12

13 14
14 13

13 15
15 13

