p 16 65
c Optimal MIS = ('0000000100110001', 4)

0 1
1 0

0 2
2 0

0 3
3 0

0 7
7 0

0 9
9 0

0 10
10 0

0 12
12 0

0 13
13 0

0 14
14 0

1 2
2 1

1 4
4 1

1 7
7 1

1 9
9 1

1 12
12 1

2 4
4 2

2 5
5 2

2 9
9 2

2 13
13 2

2 14
14 2

2 15
15 2

3 5
5 3

3 6
6 3

3 7
7 3

3 8
8 3

3 10
10 3

3 13
13 3

3 14
14 3

4 6
6 4

4 7
7 4

4 10
10 4

4 11
11 4

5 6
6 5

5 7
7 5

5 11
11 5

5 12
12 5

5 13
13 5

5 14
14 5

5 15
15 5

6 7
7 6

6 8
8 6

6 10
10 6

6 11
11 6

6 15
15 6

7 8
8 7

7 9
9 7

7 10
10 7

7 11
11 7

7 13
13 7

7 14
14 7

8 11
11 8

8 12
12 8

9 12
12 9

9 14
14 9

9 15
15 9

10 12
12 10

10 13
13 10

10 14
14 10

10 15
15 10

11 12
12 11

11 15
15 11

12 13
13 12

12 14
14 12

12 15
15 12

13 14
14 13

14 15
15 14

