p 16 58
c Optimal MIS = ('0000000011100100', 4)

0 3
3 0

0 6
6 0

0 7
7 0

0 9
9 0

0 10
10 0

0 11
11 0

0 12
12 0

0 14
14 0

0 15
15 0

1 3
3 1

1 4
4 1

1 5
5 1

1 7
7 1

1 8
8 1

1 9
9 1

1 10
10 1

1 11
11 1

1 13
13 1

2 12
12 2

2 13
13 2

2 14
14 2

2 15
15 2

3 6
6 3

3 7
7 3

3 8
8 3

3 9
9 3

3 13
13 3

3 14
14 3

3 15
15 3

4 5
5 4

4 6
6 4

4 8
8 4

4 9
9 4

4 12
12 4

4 15
15 4

5 10
10 5

5 11
11 5

5 12
12 5

5 15
15 5

6 9
9 6

6 11
11 6

6 12
12 6

7 8
8 7

7 10
10 7

7 14
14 7

7 15
15 7

8 12
12 8

8 15
15 8

9 10
10 9

9 13
13 9

9 14
14 9

10 11
11 10

10 12
12 10

10 14
14 10

11 12
12 11

11 14
14 11

11 15
15 11

13 14
14 13

