p 16 65
c Optimal MIS = ('0001101000100000', 4)

0 2
2 0

0 3
3 0

0 5
5 0

0 6
6 0

0 9
9 0

0 10
10 0

0 11
11 0

0 12
12 0

0 13
13 0

0 14
14 0

1 2
2 1

1 3
3 1

1 5
5 1

1 7
7 1

1 8
8 1

1 9
9 1

1 13
13 1

2 3
3 2

2 5
5 2

2 6
6 2

2 7
7 2

2 9
9 2

2 11
11 2

2 12
12 2

2 15
15 2

3 6
6 3

3 7
7 3

3 8
8 3

3 9
9 3

3 12
12 3

3 14
14 3

3 15
15 3

4 5
5 4

4 7
7 4

4 8
8 4

4 10
10 4

4 12
12 4

5 6
6 5

5 10
10 5

5 13
13 5

5 14
14 5

5 15
15 5

6 7
7 6

6 8
8 6

6 9
9 6

6 10
10 6

6 11
11 6

6 12
12 6

6 13
13 6

7 9
9 7

7 10
10 7

7 11
11 7

7 12
12 7

7 13
13 7

8 9
9 8

8 10
10 8

8 11
11 8

8 14
14 8

9 14
14 9

10 12
12 10

10 14
14 10

10 15
15 10

11 13
13 11

13 15
15 13

14 15
15 14

