p 16 68
c Optimal MIS = ('1000010001000110', 5)

0 1
1 0

0 2
2 0

0 5
5 0

0 6
6 0

0 7
7 0

0 10
10 0

0 12
12 0

0 13
13 0

0 15
15 0

1 3
3 1

1 7
7 1

1 8
8 1

1 11
11 1

1 12
12 1

1 13
13 1

1 14
14 1

2 3
3 2

2 4
4 2

2 5
5 2

2 8
8 2

2 9
9 2

2 11
11 2

2 13
13 2

2 14
14 2

3 4
4 3

3 9
9 3

3 11
11 3

3 12
12 3

3 13
13 3

3 15
15 3

4 5
5 4

4 7
7 4

4 8
8 4

4 9
9 4

4 11
11 4

5 6
6 5

5 7
7 5

5 8
8 5

5 10
10 5

5 12
12 5

5 13
13 5

5 14
14 5

5 15
15 5

6 9
9 6

6 12
12 6

7 8
8 7

7 9
9 7

7 11
11 7

7 13
13 7

7 14
14 7

7 15
15 7

8 9
9 8

8 11
11 8

8 12
12 8

8 14
14 8

9 10
10 9

9 12
12 9

9 13
13 9

9 14
14 9

9 15
15 9

10 11
11 10

10 12
12 10

10 13
13 10

11 12
12 11

11 13
13 11

12 14
14 12

13 14
14 13

14 15
15 14

