p 16 56
c Optimal MIS = ('0010100000000111', 5)

0 3
3 0

0 4
4 0

0 6
6 0

0 10
10 0

0 12
12 0

0 14
14 0

1 3
3 1

1 4
4 1

1 5
5 1

1 7
7 1

1 9
9 1

1 10
10 1

1 12
12 1

2 4
4 2

2 6
6 2

2 7
7 2

2 8
8 2

2 9
9 2

2 12
12 2

3 5
5 3

3 10
10 3

3 11
11 3

3 12
12 3

3 14
14 3

4 5
5 4

4 6
6 4

4 7
7 4

4 8
8 4

4 10
10 4

4 12
12 4

4 14
14 4

4 15
15 4

5 6
6 5

5 9
9 5

5 10
10 5

5 11
11 5

5 13
13 5

5 14
14 5

5 15
15 5

6 7
7 6

6 9
9 6

6 10
10 6

6 14
14 6

7 9
9 7

7 11
11 7

8 10
10 8

9 10
10 9

9 11
11 9

10 13
13 10

10 14
14 10

11 12
12 11

11 15
15 11

12 13
13 12

12 14
14 12

12 15
15 12

14 15
15 14

