p 16 48
c Optimal MIS = ('1001100000001101', 6)

0 1
1 0

0 6
6 0

0 13
13 0

1 3
3 1

1 4
4 1

1 5
5 1

1 8
8 1

1 9
9 1

1 11
11 1

1 13
13 1

2 7
7 2

2 9
9 2

2 13
13 2

2 14
14 2

3 5
5 3

3 6
6 3

3 7
7 3

3 8
8 3

3 9
9 3

3 10
10 3

3 14
14 3

4 8
8 4

4 12
12 4

4 13
13 4

4 15
15 4

5 9
9 5

5 11
11 5

5 12
12 5

5 14
14 5

6 10
10 6

6 11
11 6

6 12
12 6

6 14
14 6

7 9
9 7

7 11
11 7

7 12
12 7

7 13
13 7

8 9
9 8

8 10
10 8

8 13
13 8

8 14
14 8

8 15
15 8

9 13
13 9

9 15
15 9

10 11
11 10

10 14
14 10

12 13
13 12

14 15
15 14

