p 16 65
c Optimal MIS = ('1000110010000001', 5)

0 1
1 0

0 2
2 0

0 4
4 0

0 5
5 0

0 8
8 0

0 9
9 0

0 13
13 0

0 14
14 0

1 3
3 1

1 4
4 1

1 5
5 1

1 6
6 1

1 8
8 1

1 9
9 1

1 11
11 1

2 5
5 2

2 8
8 2

2 10
10 2

2 11
11 2

2 12
12 2

2 13
13 2

2 15
15 2

3 4
4 3

3 5
5 3

3 9
9 3

3 10
10 3

3 12
12 3

3 14
14 3

3 15
15 3

4 5
5 4

4 8
8 4

4 9
9 4

4 10
10 4

4 12
12 4

4 14
14 4

4 15
15 4

5 6
6 5

5 9
9 5

5 10
10 5

5 11
11 5

5 12
12 5

5 13
13 5

5 14
14 5

5 15
15 5

6 7
7 6

6 9
9 6

6 11
11 6

6 12
12 6

6 14
14 6

7 8
8 7

7 9
9 7

7 13
13 7

8 10
10 8

8 12
12 8

8 14
14 8

8 15
15 8

9 10
10 9

9 12
12 9

10 12
12 10

10 14
14 10

11 13
13 11

11 14
14 11

12 13
13 12

13 15
15 13

14 15
15 14

