p 16 60
c Optimal MIS = ('0100000000011101', 5)

0 1
1 0

0 5
5 0

0 6
6 0

0 7
7 0

0 8
8 0

0 9
9 0

0 10
10 0

0 12
12 0

0 13
13 0

0 15
15 0

1 2
2 1

1 5
5 1

1 7
7 1

1 8
8 1

1 9
9 1

1 11
11 1

1 12
12 1

1 13
13 1

1 15
15 1

2 5
5 2

2 6
6 2

2 8
8 2

2 9
9 2

2 10
10 2

3 11
11 3

3 12
12 3

3 15
15 3

4 5
5 4

4 10
10 4

4 11
11 4

4 12
12 4

4 13
13 4

5 7
7 5

5 8
8 5

5 14
14 5

5 15
15 5

6 9
9 6

6 12
12 6

6 13
13 6

6 15
15 6

7 8
8 7

7 10
10 7

7 11
11 7

7 12
12 7

7 14
14 7

8 11
11 8

8 12
12 8

9 12
12 9

9 13
13 9

9 14
14 9

10 11
11 10

10 12
12 10

10 13
13 10

10 14
14 10

10 15
15 10

11 13
13 11

11 14
14 11

11 15
15 11

12 14
14 12

13 15
15 13

