p 16 57
c Optimal MIS = ('0100000011011100', 6)

0 3
3 0

0 4
4 0

0 5
5 0

0 11
11 0

0 13
13 0

0 14
14 0

0 15
15 0

1 2
2 1

1 4
4 1

1 6
6 1

1 9
9 1

1 10
10 1

1 15
15 1

2 8
8 2

2 9
9 2

2 10
10 2

2 11
11 2

2 12
12 2

2 13
13 2

2 15
15 2

3 9
9 3

3 12
12 3

3 13
13 3

3 15
15 3

4 8
8 4

4 9
9 4

4 10
10 4

4 12
12 4

5 6
6 5

5 7
7 5

5 8
8 5

5 9
9 5

5 12
12 5

5 15
15 5

6 9
9 6

6 10
10 6

6 11
11 6

6 15
15 6

7 8
8 7

7 9
9 7

7 10
10 7

7 12
12 7

7 13
13 7

8 11
11 8

8 14
14 8

8 15
15 8

9 10
10 9

9 13
13 9

10 11
11 10

10 12
12 10

10 14
14 10

10 15
15 10

11 13
13 11

11 15
15 11

12 13
13 12

12 15
15 12

13 15
15 13

