p 16 61
c Optimal MIS = ('0000000100010101', 4)

0 1
1 0

0 3
3 0

0 5
5 0

0 6
6 0

0 7
7 0

0 9
9 0

0 10
10 0

0 11
11 0

0 13
13 0

0 14
14 0

1 2
2 1

1 4
4 1

1 8
8 1

1 14
14 1

2 6
6 2

2 7
7 2

2 9
9 2

2 11
11 2

2 12
12 2

2 14
14 2

3 4
4 3

3 6
6 3

3 7
7 3

3 10
10 3

3 11
11 3

3 12
12 3

3 14
14 3

3 15
15 3

4 5
5 4

4 6
6 4

4 11
11 4

4 14
14 4

5 6
6 5

5 8
8 5

5 9
9 5

5 10
10 5

5 13
13 5

5 14
14 5

6 7
7 6

6 8
8 6

6 10
10 6

6 12
12 6

6 13
13 6

7 8
8 7

7 9
9 7

7 11
11 7

7 12
12 7

8 15
15 8

9 12
12 9

9 14
14 9

9 15
15 9

10 11
11 10

10 13
13 10

11 12
12 11

11 13
13 11

11 14
14 11

11 15
15 11

12 14
14 12

12 15
15 12

13 14
14 13

13 15
15 13

