p 16 54
c Optimal MIS = ('0101010000010101', 6)

0 1
1 0

0 5
5 0

0 6
6 0

0 9
9 0

0 13
13 0

1 3
3 1

1 5
5 1

1 9
9 1

1 10
10 1

1 12
12 1

1 13
13 1

2 5
5 2

2 6
6 2

2 8
8 2

2 9
9 2

2 11
11 2

2 15
15 2

3 6
6 3

3 7
7 3

3 9
9 3

3 11
11 3

3 12
12 3

3 13
13 3

3 14
14 3

4 8
8 4

4 11
11 4

4 13
13 4

5 6
6 5

5 8
8 5

5 9
9 5

5 13
13 5

5 14
14 5

6 7
7 6

6 8
8 6

6 9
9 6

6 10
10 6

6 11
11 6

6 15
15 6

7 10
10 7

7 11
11 7

7 14
14 7

8 9
9 8

8 13
13 8

8 14
14 8

9 11
11 9

9 12
12 9

9 13
13 9

9 15
15 9

10 11
11 10

10 15
15 10

11 12
12 11

11 14
14 11

12 15
15 12

13 14
14 13

