p 16 63
c Optimal MIS = ('0000011100110000', 5)

0 1
1 0

0 4
4 0

0 5
5 0

0 7
7 0

0 8
8 0

0 11
11 0

0 12
12 0

0 14
14 0

0 15
15 0

1 6
6 1

1 7
7 1

1 8
8 1

1 9
9 1

1 10
10 1

1 11
11 1

1 12
12 1

1 15
15 1

2 4
4 2

2 5
5 2

2 6
6 2

2 7
7 2

2 9
9 2

2 12
12 2

2 13
13 2

2 14
14 2

2 15
15 2

3 7
7 3

3 8
8 3

3 9
9 3

3 10
10 3

3 14
14 3

4 6
6 4

4 7
7 4

4 11
11 4

4 15
15 4

5 7
7 5

5 11
11 5

5 12
12 5

5 13
13 5

5 14
14 5

5 15
15 5

6 7
7 6

6 10
10 6

6 14
14 6

7 10
10 7

7 11
11 7

7 12
12 7

7 13
13 7

7 14
14 7

7 15
15 7

8 12
12 8

8 13
13 8

9 11
11 9

9 12
12 9

9 13
13 9

9 14
14 9

9 15
15 9

10 11
11 10

10 12
12 10

11 12
12 11

11 13
13 11

11 15
15 11

13 15
15 13

