p 16 58
c Optimal MIS = ('0000000100111100', 5)

0 1
1 0

0 2
2 0

0 4
4 0

0 5
5 0

0 7
7 0

0 8
8 0

0 9
9 0

0 11
11 0

1 2
2 1

1 7
7 1

1 8
8 1

1 12
12 1

1 13
13 1

1 14
14 1

2 6
6 2

2 9
9 2

2 10
10 2

2 12
12 2

2 13
13 2

2 14
14 2

2 15
15 2

3 6
6 3

3 7
7 3

3 10
10 3

3 11
11 3

3 13
13 3

4 9
9 4

4 11
11 4

4 13
13 4

4 14
14 4

5 6
6 5

5 9
9 5

5 10
10 5

5 11
11 5

5 12
12 5

5 13
13 5

5 14
14 5

5 15
15 5

6 8
8 6

6 10
10 6

6 12
12 6

6 14
14 6

7 10
10 7

7 15
15 7

8 9
9 8

8 10
10 8

8 11
11 8

8 14
14 8

8 15
15 8

9 10
10 9

9 11
11 9

9 14
14 9

9 15
15 9

11 13
13 11

11 15
15 11

12 14
14 12

13 14
14 13

14 15
15 14

