p 16 53
c Optimal MIS = ('0011000001010100', 5)

0 2
2 0

0 3
3 0

0 9
9 0

0 12
12 0

0 15
15 0

1 2
2 1

1 6
6 1

1 7
7 1

1 9
9 1

1 10
10 1

1 11
11 1

1 14
14 1

1 15
15 1

2 3
3 2

2 8
8 2

2 9
9 2

2 10
10 2

2 11
11 2

3 4
4 3

3 5
5 3

3 8
8 3

3 10
10 3

3 14
14 3

3 15
15 3

4 5
5 4

4 8
8 4

4 10
10 4

4 11
11 4

5 8
8 5

5 10
10 5

6 8
8 6

6 9
9 6

6 10
10 6

6 11
11 6

6 14
14 6

7 9
9 7

7 10
10 7

7 12
12 7

7 13
13 7

8 9
9 8

8 10
10 8

8 12
12 8

9 10
10 9

9 12
12 9

9 13
13 9

10 11
11 10

10 13
13 10

11 14
14 11

12 14
14 12

12 15
15 12

13 14
14 13

13 15
15 13

14 15
15 14

