p 16 69
c Optimal MIS = ('0000100000100110', 4)

0 1
1 0

0 2
2 0

0 5
5 0

0 6
6 0

0 7
7 0

0 8
8 0

0 10
10 0

0 14
14 0

1 4
4 1

1 6
6 1

1 7
7 1

1 9
9 1

1 10
10 1

1 12
12 1

2 3
3 2

2 6
6 2

2 7
7 2

2 8
8 2

2 9
9 2

2 12
12 2

2 13
13 2

2 14
14 2

2 15
15 2

3 4
4 3

3 5
5 3

3 8
8 3

3 11
11 3

3 12
12 3

3 13
13 3

4 6
6 4

4 8
8 4

4 9
9 4

4 10
10 4

4 11
11 4

4 12
12 4

4 13
13 4

4 14
14 4

4 15
15 4

5 8
8 5

5 9
9 5

5 13
13 5

5 14
14 5

6 7
7 6

6 9
9 6

6 14
14 6

7 9
9 7

7 10
10 7

7 12
12 7

7 13
13 7

7 14
14 7

8 10
10 8

8 13
13 8

8 14
14 8

8 15
15 8

9 11
11 9

9 12
12 9

9 13
13 9

9 14
14 9

9 15
15 9

10 11
11 10

10 13
13 10

10 14
14 10

11 13
13 11

11 14
14 11

12 13
13 12

12 15
15 12

13 14
14 13

13 15
15 13

14 15
15 14

