p 16 55
c Optimal MIS = ('0000000101011001', 5)

0 7
7 0

0 9
9 0

0 10
10 0

0 12
12 0

0 13
13 0

0 15
15 0

1 3
3 1

1 4
4 1

1 7
7 1

1 10
10 1

1 12
12 1

1 15
15 1

2 4
4 2

2 5
5 2

2 6
6 2

2 9
9 2

2 10
10 2

2 12
12 2

2 13
13 2

2 15
15 2

3 7
7 3

3 9
9 3

3 10
10 3

3 13
13 3

3 14
14 3

4 9
9 4

4 10
10 4

4 11
11 4

4 13
13 4

4 14
14 4

4 15
15 4

5 6
6 5

5 7
7 5

5 8
8 5

5 10
10 5

5 13
13 5

5 14
14 5

6 10
10 6

6 11
11 6

6 12
12 6

6 13
13 6

7 8
8 7

7 12
12 7

7 14
14 7

7 15
15 7

8 11
11 8

9 13
13 9

9 14
14 9

10 13
13 10

10 15
15 10

11 12
12 11

11 13
13 11

11 15
15 11

12 14
14 12

14 15
15 14

