p 16 47
c Optimal MIS = ('0100110100100010', 6)

0 10
10 0

0 11
11 0

0 12
12 0

0 13
13 0

0 14
14 0

1 2
2 1

1 3
3 1

1 6
6 1

1 9
9 1

1 13
13 1

2 4
4 2

2 7
7 2

2 8
8 2

2 12
12 2

2 14
14 2

2 15
15 2

3 4
4 3

3 6
6 3

3 15
15 3

4 6
6 4

4 8
8 4

4 10
10 4

4 12
12 4

5 7
7 5

5 9
9 5

5 13
13 5

5 15
15 5

6 7
7 6

6 8
8 6

6 9
9 6

6 11
11 6

6 12
12 6

6 13
13 6

7 9
9 7

8 12
12 8

9 10
10 9

9 11
11 9

9 12
12 9

9 13
13 9

9 15
15 9

10 12
12 10

11 13
13 11

11 15
15 11

12 13
13 12

12 14
14 12

13 14
14 13

14 15
15 14

