p 16 63
c Optimal MIS = ('1000000001000111', 5)

0 4
4 0

0 5
5 0

0 7
7 0

0 8
8 0

0 10
10 0

0 12
12 0

0 13
13 0

0 14
14 0

1 5
5 1

1 8
8 1

1 10
10 1

1 12
12 1

1 13
13 1

2 4
4 2

2 5
5 2

2 7
7 2

2 11
11 2

2 12
12 2

2 13
13 2

2 14
14 2

3 4
4 3

3 5
5 3

3 6
6 3

3 8
8 3

3 9
9 3

3 11
11 3

3 14
14 3

3 15
15 3

4 8
8 4

4 9
9 4

4 10
10 4

4 11
11 4

4 14
14 4

5 6
6 5

5 7
7 5

5 8
8 5

5 9
9 5

5 10
10 5

5 12
12 5

5 13
13 5

5 14
14 5

6 9
9 6

6 12
12 6

6 13
13 6

7 8
8 7

7 9
9 7

7 13
13 7

7 14
14 7

8 11
11 8

8 14
14 8

9 10
10 9

9 11
11 9

9 12
12 9

9 13
13 9

9 14
14 9

10 11
11 10

10 13
13 10

11 13
13 11

11 14
14 11

12 13
13 12

12 15
15 12

13 15
15 13

14 15
15 14

