p 16 57
c Optimal MIS = ('0100101000010100', 5)

0 1
1 0

0 2
2 0

0 4
4 0

0 5
5 0

0 6
6 0

0 7
7 0

0 8
8 0

0 11
11 0

0 12
12 0

1 3
3 1

1 4
4 1

1 5
5 1

1 6
6 1

1 7
7 1

1 9
9 1

1 11
11 1

1 14
14 1

1 15
15 1

2 3
3 2

2 7
7 2

2 10
10 2

2 12
12 2

3 7
7 3

3 10
10 3

3 11
11 3

3 12
12 3

3 13
13 3

3 15
15 3

4 5
5 4

4 6
6 4

4 13
13 4

4 15
15 4

5 6
6 5

5 12
12 5

5 13
13 5

5 14
14 5

6 10
10 6

6 11
11 6

6 12
12 6

6 14
14 6

7 8
8 7

7 11
11 7

8 9
9 8

8 12
12 8

8 13
13 8

8 14
14 8

9 10
10 9

9 12
12 9

9 13
13 9

10 11
11 10

10 15
15 10

11 12
12 11

11 13
13 11

12 14
14 12

13 14
14 13

13 15
15 13

14 15
15 14

