p 16 62
c Optimal MIS = ('0100001010001010', 5)

0 1
1 0

0 2
2 0

0 4
4 0

0 5
5 0

0 7
7 0

0 8
8 0

0 9
9 0

0 11
11 0

0 13
13 0

1 2
2 1

1 4
4 1

1 5
5 1

1 6
6 1

1 10
10 1

1 11
11 1

1 15
15 1

2 3
3 2

2 4
4 2

2 6
6 2

2 7
7 2

2 8
8 2

2 12
12 2

2 14
14 2

2 15
15 2

3 6
6 3

3 8
8 3

3 11
11 3

3 12
12 3

4 6
6 4

4 9
9 4

4 10
10 4

4 11
11 4

4 13
13 4

4 15
15 4

5 8
8 5

5 11
11 5

5 12
12 5

5 14
14 5

6 7
7 6

6 10
10 6

6 12
12 6

6 15
15 6

7 8
8 7

7 10
10 7

7 13
13 7

8 9
9 8

8 10
10 8

8 11
11 8

8 13
13 8

8 15
15 8

9 12
12 9

9 15
15 9

10 11
11 10

10 12
12 10

10 13
13 10

10 14
14 10

11 12
12 11

11 13
13 11

11 14
14 11

12 13
13 12

13 14
14 13

13 15
15 13

