p 16 57
c Optimal MIS = ('0100011100000010', 5)

0 1
1 0

0 3
3 0

0 4
4 0

0 7
7 0

0 10
10 0

0 11
11 0

0 12
12 0

1 2
2 1

1 3
3 1

1 4
4 1

1 5
5 1

1 6
6 1

1 7
7 1

2 5
5 2

2 8
8 2

2 9
9 2

2 10
10 2

2 11
11 2

3 4
4 3

3 7
7 3

3 8
8 3

3 12
12 3

3 14
14 3

4 5
5 4

4 8
8 4

4 9
9 4

4 10
10 4

4 12
12 4

4 13
13 4

4 14
14 4

4 15
15 4

5 6
6 5

5 8
8 5

5 11
11 5

5 12
12 5

5 13
13 5

6 7
7 6

6 9
9 6

6 11
11 6

6 13
13 6

6 14
14 6

7 9
9 7

7 12
12 7

7 13
13 7

8 11
11 8

9 11
11 9

9 12
12 9

9 13
13 9

10 11
11 10

10 13
13 10

10 15
15 10

11 12
12 11

11 15
15 11

12 13
13 12

13 14
14 13

13 15
15 13

14 15
15 14

