p 16 67
c Optimal MIS = ('0000000010011010', 4)

0 1
1 0

0 4
4 0

0 5
5 0

0 9
9 0

0 11
11 0

0 12
12 0

0 13
13 0

0 14
14 0

0 15
15 0

1 6
6 1

1 8
8 1

1 9
9 1

1 13
13 1

1 15
15 1

2 3
3 2

2 5
5 2

2 6
6 2

2 7
7 2

2 10
10 2

2 14
14 2

3 6
6 3

3 9
9 3

3 11
11 3

3 13
13 3

3 14
14 3

4 5
5 4

4 8
8 4

4 9
9 4

4 10
10 4

4 11
11 4

4 15
15 4

5 6
6 5

5 10
10 5

5 12
12 5

5 13
13 5

5 14
14 5

5 15
15 5

6 7
7 6

6 8
8 6

6 10
10 6

6 11
11 6

6 12
12 6

6 13
13 6

6 14
14 6

6 15
15 6

7 8
8 7

7 9
9 7

7 10
10 7

7 12
12 7

7 13
13 7

7 15
15 7

8 9
9 8

8 10
10 8

8 12
12 8

8 14
14 8

8 15
15 8

9 12
12 9

9 13
13 9

9 15
15 9

10 11
11 10

10 12
12 10

10 14
14 10

10 15
15 10

11 12
12 11

13 14
14 13

13 15
15 13

14 15
15 14

