p 16 57
c Optimal MIS = ('0000101001100100', 5)

0 1
1 0

0 2
2 0

0 4
4 0

0 6
6 0

0 9
9 0

0 10
10 0

0 11
11 0

0 13
13 0

0 14
14 0

0 15
15 0

1 2
2 1

1 3
3 1

1 4
4 1

1 5
5 1

1 8
8 1

1 13
13 1

2 4
4 2

2 7
7 2

2 8
8 2

2 10
10 2

2 15
15 2

3 5
5 3

3 6
6 3

3 7
7 3

3 9
9 3

3 12
12 3

3 15
15 3

4 6
6 4

4 8
8 4

4 10
10 4

4 11
11 4

4 14
14 4

4 15
15 4

5 8
8 5

5 10
10 5

5 13
13 5

5 15
15 5

6 7
7 6

6 13
13 6

6 14
14 6

6 15
15 6

7 11
11 7

7 12
12 7

7 14
14 7

7 15
15 7

8 10
10 8

8 11
11 8

8 12
12 8

8 13
13 8

8 14
14 8

9 12
12 9

9 13
13 9

9 15
15 9

10 14
14 10

10 15
15 10

11 15
15 11

14 15
15 14

