p 16 57
c Optimal MIS = ('1010000001110100', 6)

0 1
1 0

0 2
2 0

0 4
4 0

0 5
5 0

0 7
7 0

0 8
8 0

0 9
9 0

0 10
10 0

1 2
2 1

1 3
3 1

1 4
4 1

1 5
5 1

1 8
8 1

1 9
9 1

1 13
13 1

1 15
15 1

2 7
7 2

2 10
10 2

2 11
11 2

3 6
6 3

3 7
7 3

3 8
8 3

3 9
9 3

3 10
10 3

3 14
14 3

3 15
15 3

4 7
7 4

4 8
8 4

4 12
12 4

5 7
7 5

5 9
9 5

5 10
10 5

5 11
11 5

5 12
12 5

6 7
7 6

6 8
8 6

6 9
9 6

6 14
14 6

7 9
9 7

7 11
11 7

7 12
12 7

7 13
13 7

7 14
14 7

7 15
15 7

8 9
9 8

8 11
11 8

8 14
14 8

8 15
15 8

9 13
13 9

9 14
14 9

9 15
15 9

11 12
12 11

11 13
13 11

11 15
15 11

12 14
14 12

13 14
14 13

14 15
15 14

