p 16 59
c Optimal MIS = ('0011000000111000', 5)

0 2
2 0

0 3
3 0

0 8
8 0

0 13
13 0

0 14
14 0

0 15
15 0

1 2
2 1

1 3
3 1

1 6
6 1

1 9
9 1

1 10
10 1

1 11
11 1

1 12
12 1

1 14
14 1

2 3
3 2

2 8
8 2

2 12
12 2

2 13
13 2

2 14
14 2

2 15
15 2

3 9
9 3

4 6
6 4

4 7
7 4

4 8
8 4

4 9
9 4

4 14
14 4

5 6
6 5

5 8
8 5

5 9
9 5

5 10
10 5

5 11
11 5

5 14
14 5

5 15
15 5

6 15
15 6

7 8
8 7

7 9
9 7

7 10
10 7

7 11
11 7

7 12
12 7

7 13
13 7

7 14
14 7

8 10
10 8

8 12
12 8

8 14
14 8

9 11
11 9

9 12
12 9

9 14
14 9

10 11
11 10

10 12
12 10

10 13
13 10

10 14
14 10

11 12
12 11

11 13
13 11

11 14
14 11

11 15
15 11

12 14
14 12

13 14
14 13

13 15
15 13

14 15
15 14

