p 16 50
c Optimal MIS = ('1101000101000100', 6)

0 1
1 0

0 2
2 0

0 5
5 0

0 6
6 0

0 7
7 0

0 8
8 0

0 11
11 0

0 13
13 0

0 14
14 0

1 2
2 1

1 3
3 1

1 4
4 1

1 5
5 1

1 7
7 1

1 11
11 1

1 12
12 1

1 14
14 1

2 3
3 2

2 4
4 2

2 7
7 2

2 9
9 2

2 11
11 2

3 6
6 3

3 14
14 3

4 5
5 4

4 7
7 4

4 14
14 4

4 15
15 4

5 6
6 5

5 9
9 5

5 10
10 5

5 12
12 5

5 13
13 5

6 10
10 6

6 13
13 6

7 8
8 7

7 10
10 7

7 14
14 7

7 15
15 7

8 10
10 8

8 11
11 8

8 13
13 8

9 10
10 9

9 12
12 9

9 15
15 9

10 13
13 10

10 14
14 10

10 15
15 10

11 13
13 11

13 14
14 13

