p 16 63
c Optimal MIS = ('0001001000010011', 5)

0 2
2 0

0 3
3 0

0 6
6 0

0 7
7 0

0 10
10 0

0 14
14 0

0 15
15 0

1 2
2 1

1 3
3 1

1 5
5 1

1 6
6 1

1 7
7 1

1 8
8 1

1 10
10 1

1 11
11 1

1 14
14 1

1 15
15 1

2 3
3 2

2 8
8 2

2 9
9 2

2 10
10 2

3 6
6 3

3 8
8 3

3 9
9 3

3 10
10 3

3 11
11 3

3 13
13 3

3 15
15 3

4 7
7 4

4 10
10 4

4 11
11 4

5 6
6 5

5 9
9 5

5 10
10 5

5 11
11 5

5 12
12 5

5 13
13 5

5 14
14 5

6 7
7 6

6 8
8 6

6 9
9 6

6 11
11 6

6 12
12 6

6 14
14 6

7 9
9 7

7 11
11 7

7 13
13 7

7 15
15 7

8 9
9 8

8 10
10 8

8 14
14 8

8 15
15 8

9 15
15 9

10 12
12 10

10 13
13 10

11 12
12 11

11 13
13 11

11 14
14 11

12 13
13 12

12 14
14 12

12 15
15 12

13 14
14 13

14 15
15 14

