p 16 54
c Optimal MIS = ('0010010000010111', 6)

0 3
3 0

0 5
5 0

0 6
6 0

0 8
8 0

0 9
9 0

0 12
12 0

0 15
15 0

1 11
11 1

1 12
12 1

2 5
5 2

2 6
6 2

2 8
8 2

2 9
9 2

2 12
12 2

2 14
14 2

2 15
15 2

3 5
5 3

3 6
6 3

3 8
8 3

3 11
11 3

3 13
13 3

3 14
14 3

4 6
6 4

4 7
7 4

4 8
8 4

4 12
12 4

5 6
6 5

5 7
7 5

5 9
9 5

5 14
14 5

6 7
7 6

6 9
9 6

6 11
11 6

6 12
12 6

6 14
14 6

7 8
8 7

7 9
9 7

7 12
12 7

7 15
15 7

8 9
9 8

8 11
11 8

8 13
13 8

9 10
10 9

9 11
11 9

9 12
12 9

9 13
13 9

9 15
15 9

10 11
11 10

10 12
12 10

10 14
14 10

11 15
15 11

12 13
13 12

13 14
14 13

14 15
15 14

