p 16 55
c Optimal MIS = ('0000000110110001', 5)

0 1
1 0

0 6
6 0

0 9
9 0

1 3
3 1

1 4
4 1

1 5
5 1

1 8
8 1

1 10
10 1

1 11
11 1

1 12
12 1

2 3
3 2

2 4
4 2

2 5
5 2

2 6
6 2

2 8
8 2

2 10
10 2

3 4
4 3

3 5
5 3

3 6
6 3

3 7
7 3

3 8
8 3

3 9
9 3

3 10
10 3

3 13
13 3

3 14
14 3

3 15
15 3

4 10
10 4

4 13
13 4

5 6
6 5

5 14
14 5

5 15
15 5

6 7
7 6

6 13
13 6

6 14
14 6

7 9
9 7

7 10
10 7

7 11
11 7

7 13
13 7

7 15
15 7

8 12
12 8

8 13
13 8

9 11
11 9

9 14
14 9

9 15
15 9

10 11
11 10

10 12
12 10

10 13
13 10

10 14
14 10

10 15
15 10

11 13
13 11

11 15
15 11

12 13
13 12

12 15
15 12

13 15
15 13

14 15
15 14

