p 16 59
c Optimal MIS = ('0100000001001110', 5)

0 2
2 0

0 4
4 0

0 6
6 0

0 9
9 0

0 12
12 0

0 13
13 0

0 14
14 0

0 15
15 0

1 4
4 1

1 10
10 1

1 13
13 1

2 4
4 2

2 7
7 2

2 12
12 2

2 15
15 2

3 7
7 3

3 9
9 3

3 10
10 3

4 5
5 4

4 6
6 4

4 10
10 4

4 13
13 4

4 14
14 4

5 6
6 5

5 7
7 5

5 8
8 5

5 10
10 5

5 11
11 5

5 12
12 5

5 13
13 5

5 14
14 5

5 15
15 5

6 8
8 6

6 9
9 6

6 10
10 6

6 11
11 6

6 13
13 6

6 15
15 6

7 8
8 7

7 10
10 7

7 11
11 7

7 12
12 7

7 14
14 7

7 15
15 7

8 9
9 8

8 11
11 8

8 12
12 8

8 13
13 8

8 14
14 8

8 15
15 8

9 10
10 9

9 12
12 9

9 13
13 9

9 14
14 9

10 12
12 10

11 12
12 11

11 13
13 11

13 15
15 13

14 15
15 14

