p 16 60
c Optimal MIS = ('0001010100110000', 5)

0 1
1 0

0 2
2 0

0 4
4 0

0 5
5 0

0 6
6 0

0 8
8 0

0 11
11 0

0 14
14 0

0 15
15 0

1 2
2 1

1 4
4 1

1 6
6 1

1 7
7 1

1 8
8 1

1 9
9 1

1 10
10 1

1 13
13 1

1 14
14 1

2 3
3 2

2 6
6 2

2 8
8 2

2 11
11 2

2 12
12 2

3 5
5 3

3 7
7 3

3 8
8 3

3 11
11 3

3 13
13 3

4 6
6 4

4 11
11 4

5 7
7 5

5 9
9 5

5 11
11 5

5 14
14 5

5 15
15 5

6 7
7 6

6 12
12 6

6 13
13 6

6 14
14 6

7 9
9 7

7 10
10 7

7 12
12 7

7 14
14 7

7 15
15 7

8 9
9 8

8 11
11 8

8 13
13 8

9 12
12 9

9 13
13 9

9 14
14 9

10 13
13 10

10 14
14 10

10 15
15 10

11 12
12 11

11 13
13 11

11 15
15 11

12 13
13 12

12 14
14 12

12 15
15 12

14 15
15 14

