p 16 65
c Optimal MIS = ('0000010000111010', 5)

0 2
2 0

0 3
3 0

0 4
4 0

0 5
5 0

0 7
7 0

0 9
9 0

0 11
11 0

0 12
12 0

0 15
15 0

1 2
2 1

1 8
8 1

1 9
9 1

1 11
11 1

1 12
12 1

1 13
13 1

2 3
3 2

2 5
5 2

2 6
6 2

2 8
8 2

2 11
11 2

2 12
12 2

2 14
14 2

2 15
15 2

3 6
6 3

3 7
7 3

3 8
8 3

3 9
9 3

3 12
12 3

3 13
13 3

3 15
15 3

4 6
6 4

4 7
7 4

4 11
11 4

4 12
12 4

4 13
13 4

4 15
15 4

5 7
7 5

5 8
8 5

5 11
11 5

5 13
13 5

5 14
14 5

5 15
15 5

6 7
7 6

6 8
8 6

6 9
9 6

6 11
11 6

6 15
15 6

7 9
9 7

7 13
13 7

7 14
14 7

8 9
9 8

8 10
10 8

8 11
11 8

8 12
12 8

8 13
13 8

8 15
15 8

9 10
10 9

9 11
11 9

9 14
14 9

10 12
12 10

10 13
13 10

10 14
14 10

10 15
15 10

11 13
13 11

11 15
15 11

