p 16 57
c Optimal MIS = ('0010010000000111', 5)

0 3
3 0

0 6
6 0

0 7
7 0

0 8
8 0

0 9
9 0

0 11
11 0

0 12
12 0

1 3
3 1

1 5
5 1

1 6
6 1

1 7
7 1

1 9
9 1

1 11
11 1

1 14
14 1

2 3
3 2

2 4
4 2

2 8
8 2

2 11
11 2

2 15
15 2

3 5
5 3

3 8
8 3

3 10
10 3

4 6
6 4

4 8
8 4

4 12
12 4

4 13
13 4

4 15
15 4

5 6
6 5

5 7
7 5

5 9
9 5

5 10
10 5

5 11
11 5

5 14
14 5

6 8
8 6

6 11
11 6

6 14
14 6

7 8
8 7

7 9
9 7

7 12
12 7

7 13
13 7

8 9
9 8

8 10
10 8

8 11
11 8

8 13
13 8

8 14
14 8

8 15
15 8

9 10
10 9

9 11
11 9

9 13
13 9

9 14
14 9

10 11
11 10

10 12
12 10

11 13
13 11

11 14
14 11

11 15
15 11

12 13
13 12

14 15
15 14

