p 16 70
c Optimal MIS = ('0000100000000111', 4)

0 3
3 0

0 5
5 0

0 6
6 0

0 7
7 0

0 9
9 0

0 10
10 0

0 12
12 0

0 13
13 0

0 14
14 0

1 3
3 1

1 4
4 1

1 5
5 1

1 7
7 1

1 8
8 1

1 9
9 1

1 10
10 1

1 12
12 1

1 14
14 1

2 4
4 2

2 6
6 2

2 8
8 2

2 9
9 2

2 10
10 2

2 12
12 2

3 4
4 3

3 5
5 3

3 7
7 3

3 8
8 3

3 9
9 3

3 10
10 3

3 11
11 3

3 12
12 3

3 15
15 3

4 5
5 4

4 7
7 4

4 8
8 4

4 9
9 4

4 10
10 4

4 11
11 4

4 13
13 4

4 14
14 4

4 15
15 4

5 7
7 5

5 10
10 5

5 11
11 5

5 15
15 5

6 7
7 6

6 9
9 6

6 10
10 6

6 11
11 6

6 12
12 6

7 8
8 7

7 10
10 7

7 12
12 7

7 13
13 7

7 15
15 7

8 10
10 8

8 13
13 8

9 11
11 9

9 12
12 9

10 11
11 10

10 12
12 10

10 13
13 10

10 14
14 10

11 12
12 11

11 15
15 11

12 14
14 12

12 15
15 12

13 15
15 13

14 15
15 14

