p 16 49
c Optimal MIS = ('0000010110001100', 5)

0 2
2 0

0 6
6 0

0 8
8 0

0 9
9 0

0 11
11 0

0 15
15 0

1 3
3 1

1 6
6 1

1 7
7 1

1 8
8 1

1 9
9 1

1 10
10 1

1 11
11 1

1 12
12 1

1 13
13 1

1 14
14 1

1 15
15 1

2 5
5 2

2 6
6 2

3 5
5 3

3 6
6 3

3 11
11 3

3 15
15 3

4 5
5 4

4 7
7 4

4 10
10 4

4 13
13 4

5 12
12 5

5 15
15 5

6 10
10 6

6 13
13 6

6 14
14 6

7 11
11 7

7 13
13 7

7 14
14 7

8 9
9 8

8 11
11 8

8 12
12 8

8 13
13 8

8 15
15 8

9 11
11 9

9 12
12 9

9 14
14 9

10 12
12 10

10 13
13 10

10 14
14 10

10 15
15 10

11 15
15 11

13 15
15 13

