p 16 55
c Optimal MIS = ('1000110000000110', 5)

0 2
2 0

0 3
3 0

0 4
4 0

0 7
7 0

0 8
8 0

0 10
10 0

0 15
15 0

1 3
3 1

1 5
5 1

1 6
6 1

1 7
7 1

1 8
8 1

1 13
13 1

2 3
3 2

2 4
4 2

2 8
8 2

3 6
6 3

3 7
7 3

3 12
12 3

3 14
14 3

3 15
15 3

4 7
7 4

4 10
10 4

4 13
13 4

5 7
7 5

5 10
10 5

5 11
11 5

5 12
12 5

5 13
13 5

5 14
14 5

5 15
15 5

6 8
8 6

6 9
9 6

6 11
11 6

7 10
10 7

7 11
11 7

7 12
12 7

7 14
14 7

8 9
9 8

8 11
11 8

8 12
12 8

8 13
13 8

8 14
14 8

9 11
11 9

9 15
15 9

10 12
12 10

10 13
13 10

10 14
14 10

11 12
12 11

11 14
14 11

12 13
13 12

12 14
14 12

12 15
15 12

13 14
14 13

13 15
15 13

