p 16 60
c Optimal MIS = ('0101001010010000', 5)

0 4
4 0

0 5
5 0

0 6
6 0

0 9
9 0

0 11
11 0

0 12
12 0

0 13
13 0

0 15
15 0

1 3
3 1

1 5
5 1

1 7
7 1

1 8
8 1

1 10
10 1

1 12
12 1

1 13
13 1

2 4
4 2

2 5
5 2

2 7
7 2

2 8
8 2

2 9
9 2

2 11
11 2

2 12
12 2

2 13
13 2

3 5
5 3

3 6
6 3

3 8
8 3

3 10
10 3

3 11
11 3

3 12
12 3

3 13
13 3

3 14
14 3

3 15
15 3

4 5
5 4

4 6
6 4

4 8
8 4

4 10
10 4

4 11
11 4

5 9
9 5

5 11
11 5

5 13
13 5

5 14
14 5

5 15
15 5

6 7
7 6

6 10
10 6

6 12
12 6

6 13
13 6

7 8
8 7

7 10
10 7

7 13
13 7

8 11
11 8

8 13
13 8

8 14
14 8

8 15
15 8

9 11
11 9

10 11
11 10

10 14
14 10

10 15
15 10

12 15
15 12

13 14
14 13

14 15
15 14

