p 14 68
c Optimal MIS = ('00000000001110', 3)

0 1
1 0

0 2
2 0

0 3
3 0

0 4
4 0

0 5
5 0

0 7
7 0

0 8
8 0

0 9
9 0

0 10
10 0

0 11
11 0

0 12
12 0

1 4
4 1

1 6
6 1

1 7
7 1

1 8
8 1

1 10
10 1

1 11
11 1

1 12
12 1

1 13
13 1

2 4
4 2

2 5
5 2

2 6
6 2

2 7
7 2

2 9
9 2

2 11
11 2

2 13
13 2

3 4
4 3

3 6
6 3

3 8
8 3

3 9
9 3

3 10
10 3

3 11
11 3

3 12
12 3

3 13
13 3

4 5
5 4

4 6
6 4

4 7
7 4

4 9
9 4

4 10
10 4

4 11
11 4

4 12
12 4

4 13
13 4

5 7
7 5

5 8
8 5

5 9
9 5

5 11
11 5

5 12
12 5

5 13
13 5

6 7
7 6

6 8
8 6

6 9
9 6

6 10
10 6

6 11
11 6

6 13
13 6

7 9
9 7

7 10
10 7

7 11
11 7

7 13
13 7

8 9
9 8

8 11
11 8

8 12
12 8

8 13
13 8

9 10
10 9

9 11
11 9

9 13
13 9

10 11
11 10

10 13
13 10

11 13
13 11

