p 14 67
c Optimal MIS = ('11000010000000', 3)

0 1
1 0

0 2
2 0

0 3
3 0

0 4
4 0

0 5
5 0

0 6
6 0

0 7
7 0

0 8
8 0

0 10
10 0

0 11
11 0

0 12
12 0

0 13
13 0

1 3
3 1

1 4
4 1

1 7
7 1

1 8
8 1

1 9
9 1

1 10
10 1

1 11
11 1

1 12
12 1

2 4
4 2

2 5
5 2

2 6
6 2

2 7
7 2

2 8
8 2

2 9
9 2

2 10
10 2

2 12
12 2

2 13
13 2

3 5
5 3

3 9
9 3

3 10
10 3

3 11
11 3

3 12
12 3

3 13
13 3

4 5
5 4

4 6
6 4

4 7
7 4

4 8
8 4

4 9
9 4

4 10
10 4

4 12
12 4

4 13
13 4

5 6
6 5

5 7
7 5

5 8
8 5

5 11
11 5

5 12
12 5

5 13
13 5

6 7
7 6

6 8
8 6

6 9
9 6

6 10
10 6

6 12
12 6

6 13
13 6

7 8
8 7

7 9
9 7

7 10
10 7

7 11
11 7

8 9
9 8

8 10
10 8

8 11
11 8

8 13
13 8

9 10
10 9

9 11
11 9

11 12
12 11

11 13
13 11

