p 16 44
c Optimal MIS = ('0101000100100101', 6)

0 6
6 0

0 7
7 0

0 13
13 0

0 15
15 0

1 2
2 1

1 5
5 1

1 6
6 1

1 8
8 1

1 9
9 1

1 12
12 1

1 14
14 1

2 4
4 2

2 11
11 2

3 5
5 3

3 6
6 3

3 8
8 3

3 10
10 3

3 12
12 3

3 13
13 3

3 15
15 3

4 8
8 4

4 10
10 4

4 11
11 4

4 13
13 4

5 6
6 5

5 9
9 5

5 10
10 5

5 11
11 5

5 15
15 5

6 9
9 6

6 12
12 6

6 13
13 6

7 12
12 7

7 13
13 7

7 15
15 7

8 10
10 8

9 11
11 9

9 12
12 9

10 11
11 10

10 13
13 10

10 14
14 10

11 13
13 11

12 15
15 12

13 15
15 13

