p 16 45
c Optimal MIS = ('0110000110010001', 6)

0 1
1 0

0 3
3 0

0 9
9 0

0 10
10 0

0 11
11 0

1 2
2 1

1 5
5 1

1 6
6 1

1 8
8 1

1 9
9 1

1 10
10 1

1 11
11 1

1 13
13 1

1 14
14 1

1 15
15 1

2 4
4 2

2 8
8 2

2 10
10 2

3 6
6 3

3 7
7 3

3 8
8 3

3 11
11 3

3 12
12 3

3 14
14 3

3 15
15 3

4 10
10 4

5 6
6 5

5 7
7 5

5 8
8 5

5 11
11 5

5 13
13 5

6 13
13 6

6 14
14 6

7 10
10 7

7 12
12 7

8 9
9 8

9 12
12 9

9 15
15 9

10 13
13 10

10 15
15 10

11 12
12 11

11 14
14 11

12 14
14 12

13 15
15 13

14 15
15 14

