p 14 45
c Optimal MIS = ('00001010100100', 4)

0 1
1 0

0 5
5 0

0 7
7 0

0 8
8 0

0 12
12 0

1 3
3 1

1 5
5 1

1 8
8 1

1 9
9 1

1 12
12 1

2 3
3 2

2 4
4 2

2 8
8 2

2 10
10 2

2 11
11 2

2 13
13 2

3 8
8 3

3 12
12 3

3 13
13 3

4 6
6 4

4 7
7 4

4 9
9 4

4 11
11 4

4 12
12 4

5 6
6 5

5 8
8 5

5 11
11 5

6 7
7 6

6 8
8 6

6 9
9 6

6 10
10 6

6 11
11 6

6 12
12 6

6 13
13 6

7 8
8 7

7 10
10 7

7 11
11 7

8 10
10 8

8 11
11 8

8 12
12 8

9 10
10 9

9 12
12 9

10 11
11 10

11 13
13 11

12 13
13 12

