p 14 49
c Optimal MIS = ('11010000100010', 5)

0 2
2 0

0 3
3 0

0 4
4 0

0 6
6 0

0 8
8 0

0 9
9 0

0 10
10 0

0 12
12 0

0 13
13 0

1 2
2 1

1 6
6 1

1 9
9 1

1 11
11 1

2 6
6 2

2 7
7 2

2 8
8 2

2 9
9 2

2 12
12 2

2 13
13 2

3 5
5 3

3 6
6 3

3 7
7 3

3 8
8 3

3 11
11 3

3 12
12 3

3 13
13 3

4 5
5 4

4 6
6 4

4 8
8 4

4 9
9 4

4 10
10 4

4 11
11 4

4 12
12 4

4 13
13 4

5 6
6 5

5 8
8 5

5 9
9 5

5 11
11 5

6 8
8 6

6 11
11 6

6 12
12 6

7 10
10 7

7 11
11 7

7 12
12 7

8 10
10 8

8 12
12 8

9 11
11 9

9 13
13 9

11 13
13 11

