p 14 44
c Optimal MIS = ('00000010101110', 5)

0 3
3 0

0 5
5 0

0 6
6 0

0 8
8 0

0 10
10 0

0 13
13 0

1 4
4 1

1 9
9 1

1 10
10 1

1 11
11 1

1 12
12 1

1 13
13 1

2 6
6 2

2 9
9 2

2 10
10 2

2 11
11 2

2 12
12 2

2 13
13 2

3 6
6 3

3 8
8 3

3 11
11 3

3 13
13 3

4 8
8 4

4 11
11 4

4 12
12 4

5 10
10 5

5 11
11 5

5 12
12 5

5 13
13 5

6 7
7 6

6 8
8 6

6 9
9 6

6 11
11 6

6 12
12 6

7 8
8 7

7 11
11 7

7 12
12 7

7 13
13 7

8 9
9 8

8 10
10 8

8 12
12 8

9 13
13 9

11 12
12 11

11 13
13 11

