p 14 49
c Optimal MIS = ('00100100000110', 4)

0 1
1 0

0 4
4 0

0 5
5 0

0 6
6 0

0 7
7 0

0 11
11 0

1 3
3 1

1 4
4 1

1 5
5 1

1 6
6 1

1 12
12 1

2 4
4 2

2 5
5 2

2 6
6 2

2 7
7 2

2 9
9 2

2 10
10 2

2 13
13 2

3 4
4 3

3 8
8 3

3 10
10 3

3 11
11 3

3 13
13 3

4 8
8 4

4 10
10 4

4 11
11 4

4 12
12 4

4 13
13 4

5 6
6 5

5 7
7 5

5 9
9 5

5 10
10 5

5 11
11 5

5 13
13 5

6 7
7 6

6 8
8 6

6 9
9 6

6 11
11 6

6 12
12 6

6 13
13 6

7 8
8 7

7 13
13 7

8 9
9 8

8 10
10 8

8 12
12 8

9 10
10 9

9 13
13 9

10 12
12 10

11 13
13 11

