p 14 49
c Optimal MIS = ('00001001000101', 4)

0 3
3 0

0 4
4 0

0 5
5 0

0 7
7 0

0 8
8 0

0 10
10 0

0 12
12 0

1 2
2 1

1 7
7 1

1 8
8 1

1 9
9 1

1 10
10 1

1 11
11 1

2 3
3 2

2 4
4 2

2 5
5 2

2 10
10 2

2 13
13 2

3 4
4 3

3 5
5 3

3 6
6 3

3 7
7 3

3 10
10 3

3 11
11 3

3 12
12 3

3 13
13 3

4 5
5 4

4 7
7 4

4 10
10 4

4 11
11 4

4 12
12 4

5 7
7 5

5 8
8 5

5 10
10 5

5 12
12 5

5 13
13 5

6 7
7 6

6 10
10 6

6 13
13 6

7 9
9 7

7 13
13 7

8 12
12 8

8 13
13 8

9 11
11 9

9 12
12 9

9 13
13 9

10 12
12 10

11 13
13 11

12 13
13 12

