p 14 45
c Optimal MIS = ('00001001001001', 4)

0 1
1 0

0 2
2 0

0 4
4 0

0 5
5 0

0 7
7 0

0 8
8 0

0 10
10 0

0 11
11 0

0 13
13 0

1 2
2 1

1 5
5 1

1 7
7 1

1 8
8 1

1 12
12 1

1 13
13 1

2 3
3 2

2 4
4 2

2 8
8 2

2 9
9 2

2 10
10 2

2 11
11 2

2 12
12 2

2 13
13 2

3 4
4 3

3 5
5 3

3 7
7 3

3 10
10 3

3 12
12 3

4 8
8 4

4 13
13 4

5 10
10 5

5 11
11 5

5 13
13 5

6 7
7 6

6 11
11 6

7 8
8 7

7 13
13 7

8 9
9 8

8 10
10 8

8 13
13 8

9 10
10 9

9 11
11 9

9 12
12 9

10 12
12 10

12 13
13 12

