p 14 50
c Optimal MIS = ('00000110001010', 4)

0 1
1 0

0 2
2 0

0 3
3 0

0 4
4 0

0 6
6 0

0 9
9 0

0 12
12 0

0 13
13 0

1 4
4 1

1 9
9 1

1 10
10 1

1 12
12 1

1 13
13 1

2 3
3 2

2 6
6 2

2 7
7 2

2 8
8 2

2 9
9 2

2 10
10 2

2 11
11 2

2 13
13 2

3 4
4 3

3 5
5 3

3 6
6 3

3 9
9 3

3 10
10 3

3 11
11 3

3 12
12 3

3 13
13 3

4 5
5 4

4 6
6 4

4 8
8 4

4 10
10 4

5 6
6 5

5 7
7 5

5 8
8 5

5 9
9 5

5 12
12 5

5 13
13 5

6 11
11 6

6 12
12 6

6 13
13 6

7 12
12 7

7 13
13 7

8 11
11 8

9 10
10 9

9 11
11 9

9 12
12 9

11 12
12 11

12 13
13 12

