p 14 47
c Optimal MIS = ('00101000111000', 5)

0 1
1 0

0 3
3 0

0 4
4 0

0 6
6 0

0 7
7 0

0 8
8 0

0 9
9 0

0 10
10 0

0 11
11 0

0 13
13 0

1 3
3 1

1 8
8 1

1 10
10 1

1 11
11 1

1 12
12 1

1 13
13 1

2 4
4 2

2 7
7 2

2 8
8 2

2 9
9 2

2 10
10 2

2 11
11 2

2 12
12 2

2 13
13 2

3 7
7 3

3 10
10 3

3 13
13 3

4 6
6 4

4 7
7 4

4 12
12 4

4 13
13 4

5 8
8 5

5 12
12 5

5 13
13 5

6 7
7 6

6 8
8 6

6 9
9 6

6 12
12 6

6 13
13 6

7 10
10 7

7 13
13 7

8 10
10 8

8 11
11 8

9 12
12 9

10 13
13 10

11 12
12 11

11 13
13 11

