p 14 45
c Optimal MIS = ('00001011100100', 5)

0 2
2 0

0 4
4 0

0 5
5 0

0 7
7 0

0 8
8 0

0 11
11 0

0 12
12 0

0 13
13 0

1 2
2 1

1 3
3 1

1 4
4 1

1 6
6 1

1 7
7 1

1 8
8 1

1 9
9 1

1 11
11 1

1 12
12 1

2 3
3 2

2 4
4 2

2 8
8 2

2 11
11 2

2 12
12 2

2 13
13 2

3 4
4 3

3 5
5 3

3 6
6 3

3 10
10 3

3 13
13 3

4 5
5 4

4 7
7 4

4 8
8 4

4 11
11 4

5 12
12 5

6 8
8 6

6 12
12 6

7 8
8 7

7 10
10 7

7 11
11 7

7 12
12 7

8 11
11 8

8 12
12 8

8 13
13 8

9 11
11 9

10 13
13 10

12 13
13 12

