p 14 53
c Optimal MIS = ('00000001110010', 4)

0 1
1 0

0 2
2 0

0 3
3 0

0 5
5 0

0 7
7 0

0 9
9 0

0 11
11 0

0 12
12 0

0 13
13 0

1 3
3 1

1 7
7 1

1 8
8 1

1 9
9 1

1 10
10 1

1 12
12 1

1 13
13 1

2 3
3 2

2 4
4 2

2 5
5 2

2 6
6 2

2 8
8 2

2 12
12 2

2 13
13 2

3 8
8 3

3 10
10 3

3 11
11 3

3 12
12 3

3 13
13 3

4 13
13 4

5 7
7 5

5 8
8 5

5 12
12 5

6 8
8 6

6 9
9 6

6 10
10 6

6 11
11 6

6 12
12 6

7 8
8 7

7 9
9 7

7 11
11 7

7 12
12 7

8 9
9 8

8 10
10 8

8 12
12 8

9 10
10 9

9 11
11 9

9 13
13 9

10 11
11 10

10 12
12 10

10 13
13 10

11 12
12 11

11 13
13 11

12 13
13 12

