p 14 46
c Optimal MIS = ('00000001011001', 4)

0 5
5 0

0 7
7 0

0 8
8 0

0 11
11 0

0 12
12 0

0 13
13 0

1 2
2 1

1 3
3 1

1 4
4 1

1 7
7 1

1 10
10 1

1 11
11 1

2 4
4 2

2 5
5 2

2 6
6 2

2 8
8 2

2 12
12 2

2 13
13 2

3 9
9 3

3 10
10 3

4 5
5 4

4 8
8 4

4 9
9 4

4 10
10 4

4 11
11 4

4 12
12 4

4 13
13 4

5 7
7 5

5 12
12 5

6 7
7 6

6 8
8 6

6 11
11 6

6 13
13 6

7 10
10 7

7 11
11 7

7 12
12 7

8 9
9 8

9 10
10 9

9 11
11 9

9 12
12 9

9 13
13 9

10 11
11 10

10 13
13 10

11 12
12 11

11 13
13 11

12 13
13 12

