p 14 46
c Optimal MIS = ('01011000010010', 5)

0 1
1 0

0 4
4 0

0 5
5 0

0 8
8 0

0 10
10 0

0 11
11 0

0 13
13 0

1 2
2 1

1 3
3 1

1 5
5 1

1 11
11 1

1 13
13 1

2 4
4 2

2 9
9 2

2 10
10 2

2 11
11 2

2 13
13 2

3 5
5 3

3 7
7 3

3 8
8 3

3 9
9 3

3 10
10 3

3 11
11 3

3 12
12 3

4 5
5 4

4 6
6 4

4 7
7 4

4 8
8 4

4 11
11 4

5 6
6 5

5 7
7 5

5 9
9 5

5 11
11 5

5 12
12 5

6 8
8 6

6 9
9 6

6 10
10 6

6 11
11 6

7 10
10 7

7 12
12 7

7 13
13 7

8 11
11 8

8 12
12 8

10 11
11 10

11 13
13 11

12 13
13 12

