p 14 45
c Optimal MIS = ('00001001011000', 4)

0 1
1 0

0 4
4 0

0 6
6 0

0 7
7 0

0 8
8 0

0 11
11 0

0 13
13 0

1 3
3 1

1 4
4 1

1 5
5 1

1 7
7 1

1 12
12 1

1 13
13 1

2 4
4 2

2 5
5 2

2 8
8 2

2 9
9 2

2 10
10 2

3 5
5 3

3 7
7 3

3 10
10 3

3 11
11 3

3 12
12 3

3 13
13 3

4 5
5 4

4 7
7 4

4 13
13 4

5 7
7 5

5 13
13 5

6 8
8 6

6 11
11 6

6 12
12 6

7 8
8 7

7 11
11 7

7 12
12 7

8 9
9 8

8 10
10 8

9 11
11 9

9 12
12 9

9 13
13 9

10 11
11 10

10 12
12 10

10 13
13 10

11 13
13 11

12 13
13 12

