p 14 45
c Optimal MIS = ('00001001001001', 4)

0 1
1 0

0 4
4 0

0 5
5 0

0 7
7 0

0 8
8 0

0 12
12 0

0 13
13 0

1 2
2 1

1 3
3 1

1 9
9 1

1 12
12 1

1 13
13 1

2 3
3 2

2 4
4 2

2 5
5 2

2 6
6 2

2 9
9 2

2 12
12 2

3 5
5 3

3 7
7 3

3 11
11 3

3 12
12 3

4 5
5 4

4 7
7 4

4 13
13 4

5 8
8 5

5 9
9 5

5 10
10 5

5 11
11 5

5 13
13 5

6 7
7 6

6 8
8 6

6 10
10 6

6 11
11 6

6 12
12 6

6 13
13 6

7 9
9 7

7 11
11 7

7 12
12 7

7 13
13 7

8 10
10 8

8 13
13 8

9 13
13 9

10 13
13 10

11 12
12 11

