p 14 49
c Optimal MIS = ('00010000100110', 4)

0 1
1 0

0 2
2 0

0 5
5 0

0 6
6 0

0 10
10 0

0 11
11 0

1 3
3 1

1 6
6 1

1 8
8 1

1 9
9 1

1 11
11 1

1 12
12 1

1 13
13 1

2 4
4 2

2 6
6 2

2 7
7 2

2 8
8 2

2 12
12 2

3 4
4 3

3 8
8 3

3 9
9 3

4 7
7 4

4 8
8 4

4 9
9 4

4 10
10 4

4 11
11 4

4 12
12 4

4 13
13 4

5 6
6 5

5 7
7 5

5 8
8 5

5 9
9 5

5 11
11 5

6 7
7 6

6 10
10 6

7 9
9 7

7 10
10 7

7 11
11 7

7 12
12 7

8 11
11 8

8 12
12 8

8 13
13 8

9 10
10 9

9 11
11 9

9 12
12 9

9 13
13 9

10 13
13 10

11 12
12 11

12 13
13 12

