p 14 50
c Optimal MIS = ('00001000110001', 4)

0 1
1 0

0 2
2 0

0 3
3 0

0 6
6 0

0 10
10 0

0 12
12 0

0 13
13 0

1 2
2 1

1 3
3 1

1 4
4 1

1 5
5 1

1 6
6 1

1 7
7 1

1 8
8 1

1 9
9 1

1 13
13 1

2 5
5 2

2 8
8 2

2 9
9 2

2 10
10 2

2 11
11 2

2 12
12 2

2 13
13 2

3 6
6 3

3 7
7 3

3 8
8 3

3 11
11 3

3 13
13 3

4 6
6 4

4 7
7 4

4 8
8 4

4 10
10 4

4 11
11 4

5 7
7 5

5 8
8 5

5 10
10 5

6 13
13 6

7 9
9 7

7 10
10 7

7 11
11 7

7 13
13 7

8 9
9 8

8 11
11 8

9 10
10 9

9 11
11 9

9 12
12 9

10 12
12 10

11 12
12 11

11 13
13 11

12 13
13 12

