p 14 49
c Optimal MIS = ('00000010001101', 4)

0 4
4 0

0 6
6 0

0 10
10 0

0 12
12 0

0 13
13 0

1 3
3 1

1 4
4 1

1 5
5 1

1 7
7 1

1 12
12 1

2 4
4 2

2 5
5 2

2 9
9 2

2 10
10 2

2 11
11 2

3 5
5 3

3 8
8 3

3 12
12 3

3 13
13 3

4 6
6 4

4 8
8 4

4 9
9 4

4 10
10 4

4 11
11 4

4 12
12 4

5 6
6 5

5 7
7 5

5 8
8 5

5 9
9 5

5 12
12 5

5 13
13 5

6 9
9 6

6 11
11 6

6 12
12 6

6 13
13 6

7 8
8 7

7 9
9 7

7 10
10 7

7 11
11 7

7 12
12 7

7 13
13 7

8 10
10 8

8 11
11 8

8 13
13 8

9 10
10 9

9 11
11 9

9 12
12 9

9 13
13 9

10 11
11 10

