p 14 45
c Optimal MIS = ('00000100101011', 5)

0 2
2 0

0 7
7 0

0 9
9 0

0 10
10 0

0 12
12 0

0 13
13 0

1 2
2 1

1 6
6 1

1 7
7 1

1 9
9 1

1 11
11 1

1 12
12 1

1 13
13 1

2 6
6 2

2 7
7 2

2 9
9 2

2 11
11 2

3 7
7 3

3 9
9 3

3 11
11 3

3 13
13 3

4 5
5 4

4 6
6 4

4 7
7 4

4 8
8 4

4 13
13 4

5 9
9 5

5 12
12 5

6 8
8 6

6 9
9 6

7 8
8 7

7 10
10 7

7 12
12 7

7 13
13 7

8 9
9 8

8 11
11 8

8 12
12 8

8 13
13 8

9 10
10 9

9 11
11 9

9 12
12 9

10 11
11 10

10 12
12 10

11 13
13 11

12 13
13 12

