p 14 45
c Optimal MIS = ('00000001000111', 4)

0 3
3 0

0 4
4 0

0 5
5 0

0 7
7 0

0 8
8 0

0 9
9 0

0 13
13 0

1 3
3 1

1 4
4 1

1 5
5 1

1 8
8 1

1 9
9 1

1 10
10 1

1 11
11 1

1 12
12 1

1 13
13 1

2 3
3 2

2 5
5 2

2 8
8 2

2 9
9 2

2 10
10 2

2 11
11 2

2 13
13 2

3 4
4 3

3 5
5 3

3 7
7 3

3 9
9 3

3 10
10 3

3 11
11 3

3 13
13 3

4 5
5 4

4 7
7 4

4 9
9 4

4 13
13 4

5 11
11 5

5 12
12 5

6 9
9 6

6 10
10 6

6 12
12 6

7 9
9 7

8 13
13 8

9 10
10 9

10 11
11 10

11 13
13 11

12 13
13 12

