p 12 55
c Optimal MIS = ('110010000000', 3)

0 2
2 0

0 3
3 0

0 4
4 0

0 5
5 0

0 6
6 0

0 7
7 0

0 8
8 0

0 9
9 0

0 10
10 0

0 11
11 0

1 2
2 1

1 3
3 1

1 4
4 1

1 6
6 1

1 7
7 1

1 8
8 1

1 9
9 1

1 11
11 1

2 3
3 2

2 4
4 2

2 5
5 2

2 6
6 2

2 7
7 2

2 10
10 2

2 11
11 2

3 4
4 3

3 5
5 3

3 6
6 3

3 7
7 3

3 8
8 3

3 9
9 3

3 10
10 3

3 11
11 3

4 5
5 4

4 6
6 4

4 8
8 4

4 9
9 4

4 10
10 4

4 11
11 4

5 6
6 5

5 7
7 5

5 9
9 5

5 10
10 5

5 11
11 5

6 7
7 6

6 8
8 6

6 9
9 6

6 10
10 6

7 8
8 7

7 9
9 7

8 9
9 8

8 10
10 8

8 11
11 8

9 10
10 9

9 11
11 9

